{
	"aes_decrypto" : 178.02358618768,
	"aes_encrypto" : 165.79013556879605,
	"julia" : 0.021008768567736456,
	"mandel" : 0.21998107023417807,
	"queen" : 0.00017800779449625559,
	"sha_256" : 155.4381705420173,
	"zlib_compress" : 172.38326768649637,
	"zlib_uncompress" : 1218.1826351282712
}
