{
	"aes_decrypto" : 173.13831913957861,
	"aes_encrypto" : 163.93659924179886,
	"julia" : 0.021898346334233629,
	"mandel" : 0.21673416486495067,
	"queen" : 0.000171912731196163,
	"sha_256" : 154.5410476446805,
	"zlib_compress" : 174.2352280442928,
	"zlib_uncompress" : 1217.990577536096
}
