{
	"aes_decrypto" : 176.52158995754309,
	"aes_encrypto" : 161.9743019482122,
	"julia" : 0.021965583777445351,
	"mandel" : 0.21218077176704839,
	"queen" : 0.00017223506590476973,
	"sha_256" : 156.24862811524335,
	"zlib_compress" : 173.90939601994879,
	"zlib_uncompress" : 1214.0570302673952
}
