{
	"aes_decrypto" : 175.15967651776259,
	"aes_encrypto" : 165.87728431331342,
	"julia" : 0.020434587797813302,
	"mandel" : 0.215840333614403,
	"queen" : 0.00030084824451200525,
	"sha_256" : 156.41168036713853,
	"zlib_compress" : 176.48499579427138,
	"zlib_uncompress" : 1221.4364904940435
}
