{
	"aes_decrypto" : 178.30886179615021,
	"aes_encrypto" : 168.2402991139144,
	"julia" : 0.01960683691054162,
	"mandel" : 0.20460953589358791,
	"queen" : 0.00017191383396395133,
	"sha_256" : 165.52625753015644,
	"zlib_compress" : 184.31291757753894,
	"zlib_uncompress" : 1327.2096102027526
}
