{
	"aes_decrypto" : 177.49947197361178,
	"aes_encrypto" : 167.5870239088988,
	"julia" : 0.020840315974047507,
	"mandel" : 0.21428124692296072,
	"queen" : 0.00017223401631444223,
	"sha_256" : 158.09440989379584,
	"zlib_compress" : 173.94179421892051,
	"zlib_uncompress" : 1254.2242586126442
}
