[CPU Test]
{
	"aes_decrypto" : 180.03969401996943,
	"aes_encrypto" : 169.72744158295973,
	"julia" : 0.020470313987411767,
	"mandel" : 0.21163872844976894,
	"queen" : 0.00017255580159546762,
	"sha_256" : 160.66263768880683,
	"zlib_compress" : 179.46195351235983,
	"zlib_uncompress" : 1255.1102809456909
}
